2022-01-07,INCOME,19207,FORMODE,19207
2022-01-07,EXPENDITURE,5000,INVESTMENT,14207
2022-01-08,EXPENDITURE,728,TRANSPORT,13479
2022-01-09,EXPENDITURE,60,LUNCH,13419
2022-01-09,EXPENDITURE,150,KINYOZI,13269
2022-01-09,EXPENDITURE,61,CREDIT,13208
2022-01-10,EXPENDITURE,90,LUNCH,13118
2022-01-10,EXPENDITURE,180,LUNCH,12938
2022-01-10,EXPENDITURE,75,SUPPER,12863
2022-01-10,EXPENDITURE,105,BREAKFAST,12758
2022-01-10,EXPENDITURE,10,CREDIT,12748
2022-01-11,EXPENDITURE,10,CREDIT,12738
2022-01-11,EXPENDITURE,60,LUNCH,12678
2022-01-13,EXPENDITURE,90,SUPPER,12588
2022-01-13,EXPENDITURE,105,BREAKFAST,12483
2022-01-13,EXPENDITURE,1012,CSR,11471
2022-01-14,EXPENDITURE,50,SUPPER,11421
2022-01-14,EXPENDITURE,55,BREAKFAST,11366
2022-01-15,EXPENDITURE,70,LUNCH,11296
2022-01-15,EXPENDITURE,55,SUPPER,11241
2022-01-15,EXPENDITURE,200,CSR,11041
2022-01-16,EXPENDITURE,21,CREDIT,11020
2022-01-16,EXPENDITURE,523,THANKSGIVING,10497
2022-01-16,EXPENDITURE,2432,CLOTHES,8065
2022-01-16,EXPENDITURE,227,WITHDRAWN,7838
2022-01-17,EXPENDITURE,350,SUPPER,7488
2022-01-17,EXPENDITURE,130,BREAKFAST,7358
2022-01-18,EXPENDITURE,130,LUNCH,7228
2022-01-18,EXPENDITURE,68,SUPPER,7160
2022-01-18,EXPENDITURE,105,BREAKFAST,7055
2022-01-19,EXPENDITURE,48,CREDIT,7007
2022-01-20,EXPENDITURE,20,CREDIT,6987
2022-01-20,EXPENDITURE,2069,NHIF,4918
2022-01-22,EXPENDITURE,50,TRANSPORT,4868
2022-01-23,EXPENDITURE,31,CREDIT,4837
2022-01-23,EXPENDITURE,506,CSR,4331
2022-01-23,EXPENDITURE,25,BUNDLES,4306
2022-01-24,EXPENDITURE,21,BUNDLES,4285
2022-01-24,EXPENDITURE,60,SUPPER,4225
2022-01-24,EXPENDITURE,105,BREAKFAST,4120
2022-01-25,EXPENDITURE,68,SUPPER,4052
2022-01-26,EXPENDITURE,40,SUPPER,4012
2022-01-26,EXPENDITURE,111,SUPPER,3901
2022-01-26,EXPENDITURE,105,BREAKFAST,3796
2022-01-27,EXPENDITURE,200,SUPPER,3596
2022-01-28,EXPENDITURE,40,LUNCH,3556
2022-01-28,EXPENDITURE,40,LUNCH,3516
2022-01-28,EXPENDITURE,100,SUPPER,3416
2022-01-29,EXPENDITURE,141,SUPPER,3275
2022-01-29,EXPENDITURE,21,CREDIT,3254
2022-01-30,EXPENDITURE,21,CREDIT,3233
2022-02-01,EXPENDITURE,75,SUPPER,3158
2022-02-01,EXPENDITURE,105,BREAKFAST,3053
2022-02-03,EXPENDITURE,275,SUPPER,2778
2022-02-03,EXPENDITURE,1012,CSR,1766
2022-02-04,EXPENDITURE,31,CREDIT,1735
2022-02-04,EXPENDITURE,60,LUNCH,1675
2022-02-04,EXPENDITURE,31,CREDIT,1644
2022-02-05,EXPENDITURE,2028,WITHDRAWN,-384
2022-02-05,EXPENDITURE,50,CREDIT,-434
2022-02-05,EXPENDITURE,1328,ARTEFACTS,-1762
2022-02-05,EXPENDITURE,31,CREDIT,-1793
2022-02-05,EXPENDITURE,360,SUPPER,-2153
2022-02-06,EXPENDITURE,51,CREDIT,-2204
2022-02-06,EXPENDITURE,210,CSR,-2414
2022-02-06,EXPENDITURE,300,WITHDRAWN,-2714
2022-02-06,EXPENDITURE,21,CREDIT,-2735
2022-02-07,INCOME,211,FORMODE,-2524
2022-02-07,INCOME,15000,FORMODE,12476
2022-02-07,INCOME,1000,FORMODE,13476
2022-02-07,EXPENDITURE,58,SUPPER,13418
2022-02-08,EXPENDITURE,85,SUPPER,13333
2022-02-08,EXPENDITURE,30,SUPPER,13303
2022-02-08,EXPENDITURE,50,SUPPER,13253
2022-02-08,EXPENDITURE,1000,CSR,12253
2022-02-09,EXPENDITURE,30,SUPPER,12223
2022-02-09,EXPENDITURE,45,SUPPER,12178
2022-02-09,EXPENDITURE,55,BREAKFAST,12123
2022-02-10,EXPENDITURE,31,CREDIT,12092
2022-02-11,EXPENDITURE,51,CREDIT,12041
2022-02-11,EXPENDITURE,50,SUPPER,11991
2022-02-12,EXPENDITURE,450,SUPPER,11541
2022-02-13,EXPENDITURE,80,LUNCH,11461
2022-02-13,EXPENDITURE,45,SUPPER,11416
2022-02-13,EXPENDITURE,105,BREAKFAST,11311
2022-02-13,EXPENDITURE,51,BUNDLES,11260
2022-02-13,EXPENDITURE,102,CREDIT,11158
2022-02-14,EXPENDITURE,160,LUNCH,10998
2022-02-14,EXPENDITURE,120,SUPPER,10878
2022-02-15,EXPENDITURE,100,SUPPER,10778
2022-02-15,EXPENDITURE,99,CREDIT,10679
2022-02-16,EXPENDITURE,90,LUNCH,10589
2022-02-17,EXPENDITURE,170,LUNCH,10419
2022-02-17,EXPENDITURE,200,CSR,10219
2022-02-17,EXPENDITURE,45,SUPPER,10174
2022-02-17,EXPENDITURE,110,BREAKFAST,10064
2022-02-18,EXPENDITURE,51,CREDIT,10013
2022-02-18,EXPENDITURE,227,CSR,9786
2022-02-18,EXPENDITURE,227,WITHDRAWN,9559
2022-02-18,EXPENDITURE,4567,CLOTHES,4992
2022-02-18,EXPENDITURE,3799,CLOTHES,1193
2022-02-19,EXPENDITURE,70,LUNCH,1123
2022-02-19,EXPENDITURE,50,SUPPER,1073
2022-02-19,EXPENDITURE,80,BREAKFAST,993
2022-02-20,EXPENDITURE,150,THANKSGIVING,843
2022-02-20,EXPENDITURE,110,TRANSPORT,733
2022-02-21,EXPENDITURE,80,SUPPER,653
2022-02-21,EXPENDITURE,110,BREAKFAST,543
2022-02-22,EXPENDITURE,90,LUNCH,453
2022-02-24,INCOME,3000,FORMODE,3453
2022-02-24,EXPENDITURE,170,LUNCH,3283
2022-02-24,EXPENDITURE,65,LUNCH,3218
2022-02-25,EXPENDITURE,60,LUNCH,3158
2022-02-25,EXPENDITURE,200,SUPPER,2958
2022-02-25,EXPENDITURE,45,SUPPER,2913
2022-02-26,EXPENDITURE,31,CREDIT,2882
2022-02-26,EXPENDITURE,2000,WITHDRAWN,882
2022-02-26,EXPENDITURE,31,BUNDLES,851
2022-02-27,EXPENDITURE,65,SUPPER,786
2022-02-27,EXPENDITURE,55,BREAKFAST,731
2022-02-28,EXPENDITURE,125,SUPPER,606
2022-03-01,EXPENDITURE,185,LUNCH,421
2022-03-01,EXPENDITURE,75,SUPPER,346
2022-03-02,EXPENDITURE,170,SUPPER,176
2022-03-02,EXPENDITURE,31,CREDIT,145
2022-03-04,EXPENDITURE,51,CREDIT,94
2022-03-04,EXPENDITURE,31,CREDIT,63
2022-03-04,INCOME,1000,FORMODE,1063
2022-03-04,EXPENDITURE,90,LUNCH,973
2022-03-04,EXPENDITURE,170,SUPPER,803
2022-03-04,EXPENDITURE,111,BREAKFAST,692
2022-03-05,EXPENDITURE,105,BREAKFAST,587
2022-03-06,EXPENDITURE,31,CREDIT,556
2022-03-06,EXPENDITURE,500,THANKSGIVING,56
2022-03-07,INCOME,1000,FORMODE,1056
2022-03-07,EXPENDITURE,90,LUNCH,966
2022-03-07,EXPENDITURE,35,SUPPER,931
2022-03-07,EXPENDITURE,85,BREAKFAST,846
2022-03-08,EXPENDITURE,51,CREDIT,795
2022-03-08,EXPENDITURE,85,SUPPER,710
2022-03-09,EXPENDITURE,90,LUNCH,620
2022-03-09,EXPENDITURE,31,CREDIT,589
2022-03-10,EXPENDITURE,60,LUNCH,529
2022-03-11,INCOME,1600,FORMODE,2129
2022-03-11,EXPENDITURE,1522,CSR,607
2022-03-11,EXPENDITURE,70,LUNCH,537
2022-03-11,EXPENDITURE,150,SUPPER,387
2022-03-12,EXPENDITURE,150,KINYOZI,237
2022-03-12,EXPENDITURE,120,SUPPER,117
2022-03-12,EXPENDITURE,35,SUPPER,82
2022-03-13,EXPENDITURE,31,CREDIT,51
2022-03-13,INCOME,1000,FORMODE,1051
2022-03-13,EXPENDITURE,170,LUNCH,881
2022-03-13,EXPENDITURE,200,THANKSGIVING,681
2022-03-13,EXPENDITURE,80,WITHDRAWN,601
2022-03-14,EXPENDITURE,90,LUNCH,511
2022-03-14,INCOME,44,FORMODE,555
2022-03-14,EXPENDITURE,70,SUPPER,485
2022-03-15,EXPENDITURE,21,CREDIT,464
2022-03-15,EXPENDITURE,90,LUNCH,374
2022-03-15,EXPENDITURE,131,SUPPER,243
2022-03-16,EXPENDITURE,60,LUNCH,183
2022-03-16,EXPENDITURE,55,BREAKFAST,128
2022-03-16,EXPENDITURE,102,CREDIT,26
2022-03-17,INCOME,1000,FORMODE,1026
2022-03-17,EXPENDITURE,90,LUNCH,936
2022-03-17,EXPENDITURE,4,LUNCH,932
2022-03-17,EXPENDITURE,51,CREDIT,881
2022-03-17,EXPENDITURE,95,SUPPER,786
2022-03-17,EXPENDITURE,166,SHOPPING,620
2022-03-17,EXPENDITURE,500,CSR,120
2022-03-18,INCOME,500,FORMODE,620
2022-03-18,EXPENDITURE,500,CLOTHES,120
2022-03-18,EXPENDITURE,70,SUPPER,50
2022-03-17,EXPENDITURE,27,CREDIT,23
2022-03-19,INCOME,1000,FORMODE,1023
2022-03-19,EXPENDITURE,70,LUNCH,953
2022-03-19,EXPENDITURE,350,SUPPER,603
2022-03-20,EXPENDITURE,30,SUPPER,573
2022-03-21,EXPENDITURE,31,CREDIT,542
2022-03-21,EXPENDITURE,90,LUNCH,452
2022-03-21,EXPENDITURE,20,CREDIT,432
2022-03-21,INCOME,7360,FORMODE,7792
2022-03-21,EXPENDITURE,6025,CSR,1767
2022-03-21,EXPENDITURE,85,SUPPER,1682
2022-03-21,INCOME,44392,FORMODE,46074
2022-03-22,EXPENDITURE,440,TRANSPORT,45634
2022-03-22,EXPENDITURE,560,TRANSPORT,45074
2022-03-22,EXPENDITURE,51,CREDIT,45023
2022-03-22,EXPENDITURE,990,BREAKFAST,44033
2022-03-22,EXPENDITURE,227,WITHDRAWN,43806
2022-03-22,EXPENDITURE,120,SUPPER,43686
2022-03-23,EXPENDITURE,40,LUNCH,43646
2022-03-24,EXPENDITURE,51,BUNDLES,43595
2022-03-24,EXPENDITURE,2528,WITHDRAWN,41067
2022-03-24,EXPENDITURE,784,SHOPPING,40283
2022-03-24,EXPENDITURE,31,CREDIT,40252
2022-03-25,EXPENDITURE,1000,BUNDLES,39252
2022-03-26,EXPENDITURE,500,CSR,38752
2022-03-26,EXPENDITURE,710,LUNCH,38042
2022-03-26,EXPENDITURE,612,SHOPPING,37430
2022-03-26,EXPENDITURE,206,TRANSPORT,37224
2022-03-26,EXPENDITURE,527,WITHDRAWN,36697
2022-03-30,EXPENDITURE,100,TRANSPORT,36597
2022-03-30,EXPENDITURE,1028,WITHDRAWN,35569
2022-03-30,EXPENDITURE,95,SUPPER,35474
2022-03-30,EXPENDITURE,110,BREAKFAST,35364
2022-03-31,EXPENDITURE,1000,NHIF,34364
2022-03-31,EXPENDITURE,500,RETREAT,33864
2022-03-31,EXPENDITURE,20,SUPPER,33844
2022-03-31,EXPENDITURE,527,WITHDRAWN,33317
2022-04-01,EXPENDITURE,55,BREAKFAST,33262
2022-04-02,EXPENDITURE,170,SUPPER,33092
2022-04-02,EXPENDITURE,125,BREAKFAST,32967
2022-04-03,EXPENDITURE,20,CREDIT,32947
2022-04-03,EXPENDITURE,90,LUNCH,32857
2022-04-03,EXPENDITURE,30,LUNCH,32827
2022-04-03,EXPENDITURE,1000,INVESTMENT,31827
2022-04-03,EXPENDITURE,10,CREDIT,31817
2022-04-03,EXPENDITURE,200,INVESTMENT,31617
2022-04-03,EXPENDITURE,130,SUPPER,31487
2022-04-04,EXPENDITURE,120,SUPPER,31367
2022-04-05,EXPENDITURE,200,CSR,31167
2022-04-05,EXPENDITURE,85,SUPPER,31082
2022-04-06,EXPENDITURE,1230,RETREAT,29852
2022-04-06,EXPENDITURE,65,CSR,29787
2022-04-06,EXPENDITURE,1022,INVESTMENT,28765
2022-04-07,EXPENDITURE,51,CREDIT,28714
2022-04-07,EXPENDITURE,120,LUNCH,28594
2022-04-07,EXPENDITURE,240,SUPPER,28354
2022-04-08,EXPENDITURE,20,CREDIT,28334
2022-04-09,EXPENDITURE,70,LUNCH,28264
2022-04-09,EXPENDITURE,360,SUPPER,27904
2022-04-10,EXPENDITURE,80,LUNCH,27824
2022-04-10,EXPENDITURE,90,SUPPER,27734
2022-04-11,EXPENDITURE,90,LUNCH,27644
2022-04-12,EXPENDITURE,115,BREAKFAST,27529
2022-04-12,EXPENDITURE,40,LUNCH,27489
2022-04-12,EXPENDITURE,51,CREDIT,27438
2022-04-12,EXPENDITURE,230,SUPPER,27208
2022-04-12,EXPENDITURE,55,BREAKFAST,27153
2022-04-13,EXPENDITURE,60,LUNCH,27093
2022-04-13,EXPENDITURE,150,SUPPER,26943
2022-04-13,EXPENDITURE,45,SUPPER,26898
2022-04-15,EXPENDITURE,70,LUNCH,26828
2022-04-15,EXPENDITURE,310,SUPPER,26518
2022-04-15,EXPENDITURE,51,CREDIT,26467
2022-04-17,EXPENDITURE,320,RETREAT,26147
2022-04-17,EXPENDITURE,2500,RETREAT,23647
2022-04-18,EXPENDITURE,215,SUPPER,23432
2022-04-20,EXPENDITURE,100,KINYOZI,23332
2022-04-20,EXPENDITURE,40,LUNCH,23292
2022-04-20,EXPENDITURE,135,BREAKFAST,23157
2022-04-21,EXPENDITURE,51,CREDIT,23106
2022-04-21,EXPENDITURE,340,TRANSPORT,22766
2022-04-21,EXPENDITURE,150,TRANSPORT,22616
2022-04-21,EXPENDITURE,760,TRANSPORT,21856
2022-04-21,EXPENDITURE,1080,BREAKFAST,20776
2022-04-21,EXPENDITURE,494,CSR,20282
2022-04-21,EXPENDITURE,220,TRANSPORT,20062
2022-04-21,INCOME,13000,FORMODE,33062
2022-04-21,EXPENDITURE,1000,WITHDRAWN,32062
2022-02-21,EXPENDITURE,28,WITHDRAWN,32034
2022-04-22,EXPENDITURE,150,SUPPER,31884
2022-04-23,EXPENDITURE,51,CREDIT,31833
2022-04-23,EXPENDITURE,150,SUPPER,31683
2022-04-23,EXPENDITURE,55,BREAKFAST,31628
2022-04-24,EXPENDITURE,20,CREDIT,31608
2022-04-24,EXPENDITURE,190,SUPPER,31418
2022-04-24,EXPENDITURE,65,BREAKFAST,31353
2022-04-25,EXPENDITURE,55,SUPPER,31298
2022-04-25,EXPENDITURE,115,BREAKFAST,31183
2022-04-26,EXPENDITURE,200,SUPPER,30983
2022-04-26,EXPENDITURE,20,SUPPER,30963
2022-04-26,EXPENDITURE,60,BREAKFAST,30903
2022-04-27,EXPENDITURE,90,SUPPER,30813
2022-04-28,EXPENDITURE,90,SUPPER,30723
2022-04-28,EXPENDITURE,85,BREAKFAST,30638
2022-04-29,EXPENDITURE,51,CREDIT,30587
2022-04-30,EXPENDITURE,51,CREDIT,30536
2022-04-30,EXPENDITURE,50,LUNCH,30486
2022-04-30,EXPENDITURE,51,CREDIT,30435
2022-04-30,EXPENDITURE,850,RETREAT,29585
2022-05-01,EXPENDITURE,700,WITHDRAWN,28885
2022-05-01,EXPENDITURE,1034,THANKSGIVING,27851
2022-01-05,EXPENDITURE,550,SHOPPING,27301
2022-05-01,EXPENDITURE,51,CREDIT,27250
2022-05-02,EXPENDITURE,51,CREDIT,27199
2022-05-02,EXPENDITURE,527,WITHDRAWN,26672
2022-05-03,EXPENDITURE,51,CREDIT,26621
2022-05-04,EXPENDITURE,40,LUNCH,26581
2022-05-04,EXPENDITURE,200,SUPPER,26381
2022-05-04,EXPENDITURE,55,BREAKFAST,26326
2022-05-04,EXPENDITURE,51,CREDIT,26275
2022-05-05,EXPENDITURE,51,CREDIT,26224
2022-05-05,EXPENDITURE,2500,HEALTHCARE,23724
2022-05-05,EXPENDITURE,500,WITHDRAWN,23224
2022-05-05,EXPENDITURE,270,RETREAT,22954
2022-05-05,INCOME,2185,FORMODE,25139
2022-05-05,EXPENDITURE,70,TRANSPORT,25069
2022-05-05,EXPENDITURE,5,CREDIT,25064
2022-05-06,EXPENDITURE,100,SUPPER,24964
2022-05-07,EXPENDITURE,31,CREDIT,24933
2022-05-07,EXPENDITURE,430,SUPPER,24503
2022-05-07,EXPENDITURE,325,HEALTHCARE,24178
2022-05-07,EXPENDITURE,191,BREAKFAST,23987
2022-05-08,EXPENDITURE,35,SUPPER,23952
2022-05-08,EXPENDITURE,55,BREAKFAST,23897
2022-05-09,EXPENDITURE,235,BREAKFAST,23662
2022-05-09,EXPENDITURE,51,CREDIT,23611
2022-05-10,EXPENDITURE,31,CREDIT,23580
2022-05-10,EXPENDITURE,5000,HEALTHCARE,18580
2022-05-11,EXPENDITURE,160,SUPPER,18420
2022-05-11,EXPENDITURE,55,BREAKFAST,18365
2022-05-12,EXPENDITURE,60,LUNCH,18305
2022-05-13,EXPENDITURE,700,CLOTHES,17605
2022-05-13,EXPENDITURE,31,CREDIT,17574
2022-05-13,EXPENDITURE,50,SUPPER,17524
2022-05-13,EXPENDITURE,220,SUPPER,17304
2022-05-14,EXPENDITURE,500,SUPPER,16804
2022-05-14,EXPENDITURE,120,BREAKFAST,16684
2022-05-14,EXPENDITURE,100,SUPPER,16584
2022-04-15,EXPENDITURE,1500,WITHDRAWN,15084
2022-05-15,EXPENDITURE,200,LUNCH,14884
2022-05-15,EXPENDITURE,266,SUPPER,14618
2022-05-16,EXPENDITURE,51,CREDIT,14567
2022-05-17,EXPENDITURE,300,SUPPER,14267
2022-05-18,EXPENDITURE,90,LUNCH,14177
2022-05-18,EXPENDITURE,30,SUPPER,14147
2022-05-18,EXPENDITURE,146,SUPPER,14001
2022-05-19,EXPENDITURE,51,CREDIT,13950
2022-05-20,EXPENDITURE,430,SUPPER,13520
2022-05-21,EXPENDITURE,31,CREDIT,13489
2022-05-21,EXPENDITURE,360,RETREAT,13129
2022-05-21,EXPENDITURE,1500,WITHDRAWN,11629
2022-05-23,EXPENDITURE,30,CREDIT,11599
2022-05-24,EXPENDITURE,140,SUPPER,11459
2022-05-25,EXPENDITURE,80,LUNCH,11379
2022-05-26,EXPENDITURE,60,CREDIT,11319
2022-05-27,EXPENDITURE,350,SUPPER,10969
2022-05-28,EXPENDITURE,30,CREDIT,10939
2022-05-28,EXPENDITURE,445,SUPPER,10494
2022-05-28,EXPENDITURE,20,CREDIT,10474
2022-05-28,EXPENDITURE,176,BREAKFAST,10298
2022-05-29,EXPENDITURE,20,CREDIT,10278
2022-05-29,EXPENDITURE,435,SUPPER,9843
2022-05-30,EXPENDITURE,20,CREDIT,9823
2022-05-30,EXPENDITURE,131,SUPPER,9692
2022-05-30,EXPENDITURE,60,BREAKFAST,9632
2022-05-31,EXPENDITURE,101,CREDIT,9531
2022-05-31,EXPENDITURE,90,LUNCH,9441
2021-05-31,EXPENDITURE,436,SUPPER,9005
2022-06-02,EXPENDITURE,2242,CSR,6763
2022-06-02,EXPENDITURE,500,WITHDRAWN,6263
2022-06-02,INCOME,10000,FORMODE,16263
2022-06-02,EXPENDITURE,1930,RETREAT,14333
2022-06-02,EXPENDITURE,20,CREDIT,14313
2022-06-03,EXPENDITURE,550,HEALTHCARE,13763
2022-06-03,EXPENDITURE,230,SUPPER,13533
2022-06-04,EXPENDITURE,45,CREDIT,13488
2022-06-04,EXPENDITURE,40,LUNCH,13448
2022-06-04,EXPENDITURE,100,SUPPER,13348
2022-06-05,EXPENDITURE,31,CREDIT,13317
2022-06-05,EXPENDITURE,1534,THANKSGIVING,11783
2022-06-05,EXPENDITURE,130,SUPPER,11653
2022-06-06,EXPENDITURE,70,LUNCH,11583
2022-06-06,EXPENDITURE,100,KINYOZI,11483
2022-06-06,EXPENDITURE,40,LUNCH,11443
2022-06-06,EXPENDITURE,111,SUPPER,11332
2022-06-02,EXPENDITURE,2242,CSR,9090
2022-06-07,EXPENDITURE,70,LUNCH,9020
2022-06-07,EXPENDITURE,20,CREDIT,9000
2022-06-07,EXPENDITURE,250,SUPPER,8750
2022-06-07,EXPENDITURE,70,BREAKFAST,8680
2022-06-08,EXPENDITURE,20,BUNDLES,8660
2022-06-08,EXPENDITURE,130,SUPPER,8530
2022-06-08,EXPENDITURE,60,BREAKFAST,8470
2022-06-09,EXPENDITURE,740,SUPPER,7730
2022-06-09,EXPENDITURE,206,BREAKFAST,7524
2022-06-09,EXPENDITURE,21,CREDIT,7503
2022-06-10,EXPENDITURE,1350,CSR,6153
2022-06-10,EXPENDITURE,45,LUNCH,6108
2022-06-10,EXPENDITURE,30,BREAKFAST,6078
2022-06-11,EXPENDITURE,150,SUPPER,5928
2022-06-11,EXPENDITURE,100,BREAKFAST,5828
2022-06-12,EXPENDITURE,20,CREDIT,5808
2022-06-13,EXPENDITURE,65,LUNCH,5743
2022-06-13,EXPENDITURE,100,SUPPER,5643
2022-06-14,EXPENDITURE,70,LUNCH,5573
2022-06-14,EXPENDITURE,100,SUPPER,5473
2022-06-14,EXPENDITURE,70,BREAKFAST,5403
2022-06-15,EXPENDITURE,50,CREDIT,5353
2022-06-15,EXPENDITURE,20,CREDIT,5333
2022-06-15,EXPENDITURE,500,WITHDRAWN,4833
2022-06-15,INCOME,450,FORMODE,5283
2022-06-15,INCOME,100,FORMODE,5383
